<?xml version="1.0" encoding="UTF-8" standalone="no"?>
<!DOCTYPE svg PUBLIC "-//W3C//DTD SVG 20010904//EN"
              "http://www.w3.org/TR/2001/REC-SVG-20010904/DTD/svg10.dtd">

<svg xmlns="http://www.w3.org/2000/svg"
     width="4.44444in" height="4.44444in"
     viewBox="0 0 400 400">
  <path id="Imported Path"
        fill="none" stroke="black" stroke-width="1"
        d="M 180.00,149.12
           C 166.88,152.87 159.12,159.00 155.50,168.12
             153.88,172.50 153.62,178.75 154.00,209.50
             154.00,209.50 154.38,245.62 154.38,245.62
             154.38,245.62 158.50,254.38 158.50,254.38
             160.75,259.12 164.00,264.50 165.62,266.25
             170.00,270.88 170.50,272.62 176.25,307.50
             179.12,325.00 182.25,341.12 183.25,343.12
             186.25,349.50 190.62,351.25 204.00,351.25
             217.00,351.25 220.62,350.00 223.88,344.38
             225.25,342.12 228.12,328.62 231.25,310.00
             237.38,273.25 238.12,270.25 242.13,266.25
             247.00,261.50 251.25,251.88 253.25,241.62
             255.75,228.00 255.75,179.12 253.00,170.12
             250.50,161.75 243.88,155.00 234.25,151.12
             227.75,148.62 224.38,148.25 206.25,147.87
             192.25,147.62 183.75,148.12 180.00,149.12 Z
           M 194.12,57.50
           C 187.00,59.00 182.00,61.75 175.25,67.88
             158.00,83.88 158.12,111.25 175.50,127.25
             184.25,135.37 191.12,138.00 203.12,138.00
             211.38,138.00 214.38,137.37 220.13,134.62
             245.13,122.62 251.50,89.75 232.75,69.75
             223.25,59.50 207.75,54.62 194.12,57.50 Z" />
</svg>
