<?xml version="1.0" encoding="UTF-8" standalone="no"?>
<!DOCTYPE svg PUBLIC "-//W3C//DTD SVG 20010904//EN"
              "http://www.w3.org/TR/2001/REC-SVG-20010904/DTD/svg10.dtd">

<svg xmlns="http://www.w3.org/2000/svg"
     width="0.277778in" height="0.277778in"
     viewBox="0 0 25 25">
  <path id="Imported Path"
        fill="none" stroke="black" stroke-width="1"
        d="M 11.25,9.32
           C 10.43,9.55 9.95,9.94 9.72,10.51
             9.62,10.78 9.60,11.17 9.62,13.09
             9.62,13.09 9.65,15.35 9.65,15.35
             9.65,15.35 9.91,15.90 9.91,15.90
             10.05,16.20 10.25,16.53 10.35,16.64
             10.62,16.93 10.66,17.04 11.02,19.22
             11.20,20.31 11.39,21.32 11.45,21.45
             11.64,21.84 11.91,21.95 12.75,21.95
             13.56,21.95 13.79,21.88 13.99,21.52
             14.08,21.38 14.26,20.54 14.45,19.38
             14.84,17.08 14.88,16.89 15.13,16.64
             15.44,16.34 15.70,15.74 15.83,15.10
             15.98,14.25 15.98,11.20 15.81,10.63
             15.66,10.11 15.24,9.69 14.64,9.45
             14.23,9.29 14.02,9.27 12.89,9.24
             12.02,9.23 11.48,9.26 11.25,9.32 Z
           M 12.13,3.59
           C 11.69,3.69 11.38,3.86 10.95,4.24
             9.88,5.24 9.88,6.95 10.97,7.95
             11.52,8.46 11.95,8.62 12.70,8.62
             13.21,8.62 13.40,8.59 13.76,8.41
             15.32,7.66 15.72,5.61 14.55,4.36
             13.95,3.72 12.98,3.41 12.13,3.59 Z" />
</svg>
