<?xml version="1.0" encoding="UTF-8" standalone="no"?>
<!DOCTYPE svg PUBLIC "-//W3C//DTD SVG 20010904//EN"
              "http://www.w3.org/TR/2001/REC-SVG-20010904/DTD/svg10.dtd">

<svg xmlns="http://www.w3.org/2000/svg"
     width="0.322222in" height="0.322222in"
     viewBox="0 0 29 29">
RELATIVE: 

M13.05,10.81c-0.95,0.27,-1.51,0.72,-1.78,1.38c-0.11,0.32,-0.13,0.77,-0.11,3c0,0,0.03,2.62,0.03,2.62c0,0,0.3,0.63,0.3,0.63c0.16,0.35,0.4,0.74,0.52,0.86c0.31,0.34,0.35,0.47,0.77,2.99c0.21,1.27,0.43,2.44,0.51,2.59c0.21,0.46,0.53,0.59,1.5,0.59c0.94,0,1.21,-0.09,1.44,-0.5c0.1,-0.17,0.31,-1.14,0.54,-2.5c0.44,-2.66,0.49,-2.88,0.78,-3.17c0.36,-0.34,0.67,-1.04,0.81,-1.78c0.18,-0.99,0.18,-4.53,-0.02,-5.19c-0.18,-0.6,-0.66,-1.09,-1.36,-1.37c-0.47,-0.18,-0.71,-0.21,-2.03,-0.24c-1.01,-0.02,-1.63,0.02,-1.9,0.09zm1.02,-6.64c-0.51,0.11,-0.88,0.31,-1.36,0.75c-1.25,1.16,-1.25,3.15,0.01,4.31c0.64,0.58,1.14,0.77,2.01,0.77c0.59,0,0.81,-0.04,1.23,-0.24c1.81,-0.87,2.27,-3.25,0.91,-4.7c-0.68,-0.75,-1.81,-1.1,-2.8,-0.89z

  <path id="Imported Path"
        fill="none" stroke="black" stroke-width="1"
        d="M 13.05,10.81
           C 12.10,11.08 11.54,11.53 11.27,12.19
             11.16,12.51 11.14,12.96 11.16,15.19
             11.16,15.19 11.19,17.81 11.19,17.81
             11.19,17.81 11.49,18.44 11.49,18.44
             11.65,18.79 11.89,19.18 12.01,19.30
             12.32,19.64 12.36,19.77 12.78,22.29
             12.99,23.56 13.21,24.73 13.29,24.88
             13.50,25.34 13.82,25.47 14.79,25.47
             15.73,25.47 16.00,25.38 16.23,24.97
             16.33,24.80 16.54,23.83 16.77,22.47
             17.21,19.81 17.26,19.59 17.55,19.30
             17.91,18.96 18.22,18.26 18.36,17.52
             18.54,16.53 18.54,12.99 18.34,12.33
             18.16,11.73 17.68,11.24 16.98,10.96
             16.51,10.78 16.27,10.75 14.95,10.72
             13.94,10.70 13.32,10.74 13.05,10.81 Z
           M 14.07,4.17
           C 13.56,4.28 13.19,4.48 12.71,4.92
             11.46,6.08 11.46,8.07 12.72,9.23
             13.36,9.81 13.86,10.00 14.73,10.00
             15.32,10.00 15.54,9.96 15.96,9.76
             17.77,8.89 18.23,6.51 16.87,5.06
             16.19,4.31 15.06,3.96 14.07,4.17 Z" />
</svg>
