<?xml version="1.0" encoding="UTF-8" standalone="no"?>
<!DOCTYPE svg PUBLIC "-//W3C//DTD SVG 20010904//EN"
              "http://www.w3.org/TR/2001/REC-SVG-20010904/DTD/svg10.dtd">

<svg xmlns="http://www.w3.org/2000/svg"
     width="0.222222in" height="0.222222in"
     viewBox="0 0 20 20">
  <path id="Imported Path"
        fill="none" stroke="black" stroke-width="1"
        d="M 9.00,7.46
           C 8.34,7.64 7.96,7.95 7.78,8.41
             7.69,8.62 7.68,8.94 7.70,10.47
             7.70,10.47 7.72,12.28 7.72,12.28
             7.72,12.28 7.93,12.72 7.93,12.72
             8.04,12.96 8.20,13.22 8.28,13.31
             8.50,13.54 8.53,13.63 8.81,15.38
             8.96,16.25 9.11,17.06 9.16,17.16
             9.31,17.48 9.53,17.56 10.20,17.56
             10.85,17.56 11.03,17.50 11.19,17.22
             11.26,17.11 11.41,16.43 11.56,15.50
             11.87,13.66 11.91,13.51 12.11,13.31
             12.35,13.07 12.56,12.59 12.66,12.08
             12.79,11.40 12.79,8.96 12.65,8.51
             12.53,8.09 12.19,7.75 11.71,7.56
             11.39,7.43 11.22,7.41 10.31,7.39
             9.61,7.38 9.19,7.41 9.00,7.46 Z
           M 9.71,2.88
           C 9.35,2.95 9.10,3.09 8.76,3.39
             7.90,4.19 7.91,5.56 8.78,6.36
             9.21,6.77 9.56,6.90 10.16,6.90
             10.57,6.90 10.72,6.87 11.01,6.73
             12.26,6.13 12.58,4.49 11.64,3.49
             11.16,2.97 10.39,2.73 9.71,2.88 Z" />
</svg>
