<?xml version="1.0" encoding="UTF-8" standalone="no"?>
<!DOCTYPE svg PUBLIC "-//W3C//DTD SVG 20010904//EN"
              "http://www.w3.org/TR/2001/REC-SVG-20010904/DTD/svg10.dtd">

<svg xmlns="http://www.w3.org/2000/svg"
     width="0.533333in" height="0.533333in"
     viewBox="0 0 48 48">

RELATIVE
M21.6,17.89c-1.58,0.45,-2.5,1.19,-2.94,2.29c-0.2,0.52,-0.23,1.27,-0.18,4.96c0,0,0.04,4.33,0.04,4.33c0,0,0.5,1.05,0.5,1.05c0.27,0.57,0.66,1.22,0.86,1.43c0.52,0.55,0.58,0.76,1.27,4.95c0.35,2.1,0.72,4.03,0.84,4.27c0.36,0.77,0.89,0.98,2.49,0.98c1.56,0,1.99,-0.15,2.39,-0.83c0.16,-0.27,0.51,-1.89,0.88,-4.12c0.73,-4.41,0.82,-4.77,1.3,-5.25c0.59,-0.57,1.1,-1.73,1.34,-2.95c0.3,-1.64,0.3,-7.51,-0.03,-8.59c-0.3,-1,-1.09,-1.81,-2.25,-2.28c-0.78,-0.3,-1.18,-0.34,-3.36,-0.39c-1.68,-0.03,-2.7,0.03,-3.15,0.15zm1.7,-10.99c-0.86,0.18,-1.46,0.51,-2.27,1.25c-2.07,1.91,-2.06,5.2,0.03,7.12c1.05,0.97,1.87,1.29,3.32,1.29c0.99,0,1.34,-0.08,2.04,-0.41c3,-1.44,3.76,-5.38,1.51,-7.78c-1.14,-1.23,-3,-1.82,-4.63,-1.47z


  <path id="Imported Path"
        fill="none" stroke="black" stroke-width="1"
        d="M 21.60,17.89
           C 20.02,18.34 19.10,19.08 18.66,20.18
             18.46,20.70 18.43,21.45 18.48,25.14
             18.48,25.14 18.52,29.47 18.52,29.47
             18.52,29.47 19.02,30.52 19.02,30.52
             19.29,31.09 19.68,31.74 19.88,31.95
             20.40,32.50 20.46,32.71 21.15,36.90
             21.50,39.00 21.87,40.93 21.99,41.17
             22.35,41.94 22.88,42.15 24.48,42.15
             26.04,42.15 26.47,42.00 26.87,41.32
             27.03,41.05 27.38,39.43 27.75,37.20
             28.48,32.79 28.57,32.43 29.05,31.95
             29.64,31.38 30.15,30.22 30.39,29.00
             30.69,27.36 30.69,21.49 30.36,20.41
             30.06,19.41 29.27,18.60 28.11,18.13
             27.33,17.83 26.93,17.79 24.75,17.74
             23.07,17.71 22.05,17.77 21.60,17.89 Z
           M 23.30,6.90
           C 22.44,7.08 21.84,7.41 21.03,8.15
             18.96,10.06 18.97,13.35 21.06,15.27
             22.11,16.24 22.93,16.56 24.38,16.56
             25.37,16.56 25.72,16.48 26.42,16.15
             29.42,14.71 30.18,10.77 27.93,8.37
             26.79,7.14 24.93,6.55 23.30,6.90 Z" />
</svg>
