<?xml version="1.0" encoding="UTF-8" standalone="no"?>
<!DOCTYPE svg PUBLIC "-//W3C//DTD SVG 20010904//EN"
              "http://www.w3.org/TR/2001/REC-SVG-20010904/DTD/svg10.dtd">


RELATIVE
M18,14.91c-1.31,0.38,-2.09,0.99,-2.45,1.9c-0.16,0.44,-0.19,1.07,-0.15,4.14c0,0,0.04,3.61,0.04,3.61c0,0,0.41,0.88,0.41,0.88c0.22,0.47,0.55,1.01,0.71,1.18c0.44,0.47,0.49,0.64,1.06,4.13c0.29,1.75,0.61,3.36,0.7,3.56c0.3,0.64,0.74,0.81,2.08,0.81c1.3,0,1.66,-0.12,1.99,-0.68c0.14,-0.23,0.42,-1.58,0.73,-3.44c0.62,-3.68,0.69,-3.98,1.09,-4.38c0.49,-0.47,0.91,-1.43,1.12,-2.46c0.25,-1.36,0.25,-6.25,-0.03,-7.15c-0.25,-0.84,-0.91,-1.51,-1.87,-1.9c-0.65,-0.25,-0.99,-0.29,-2.81,-0.32c-1.39,-0.03,-2.24,0.02,-2.62,0.12zm1.41,-9.16c-0.71,0.15,-1.21,0.42,-1.88,1.04c-1.73,1.6,-1.72,4.33,0.02,5.93c0.88,0.82,1.56,1.08,2.76,1.08c0.83,0,1.13,-0.06,1.7,-0.34c2.5,-1.2,3.14,-4.49,1.27,-6.48c-0.95,-1.03,-2.5,-1.52,-3.87,-1.23z


<svg xmlns="http://www.w3.org/2000/svg"
     width="0.444444in" height="0.444444in"
     viewBox="0 0 40 40">
  <path id="Imported Path"
        fill="none" stroke="black" stroke-width="1"
        d="M 18.00,14.91
           C 16.69,15.29 15.91,15.90 15.55,16.81
             15.39,17.25 15.36,17.88 15.40,20.95
             15.40,20.95 15.44,24.56 15.44,24.56
             15.44,24.56 15.85,25.44 15.85,25.44
             16.07,25.91 16.40,26.45 16.56,26.62
             17.00,27.09 17.05,27.26 17.62,30.75
             17.91,32.50 18.23,34.11 18.32,34.31
             18.62,34.95 19.06,35.12 20.40,35.12
             21.70,35.12 22.06,35.00 22.39,34.44
             22.53,34.21 22.81,32.86 23.12,31.00
             23.74,27.32 23.81,27.02 24.21,26.62
             24.70,26.15 25.12,25.19 25.33,24.16
             25.58,22.80 25.58,17.91 25.30,17.01
             25.05,16.17 24.39,15.50 23.43,15.11
             22.78,14.86 22.44,14.82 20.62,14.79
             19.23,14.76 18.38,14.81 18.00,14.91 Z
           M 19.41,5.75
           C 18.70,5.90 18.20,6.17 17.53,6.79
             15.80,8.39 15.81,11.12 17.55,12.72
             18.43,13.54 19.11,13.80 20.31,13.80
             21.14,13.80 21.44,13.74 22.01,13.46
             24.51,12.26 25.15,8.97 23.28,6.98
             22.33,5.95 20.78,5.46 19.41,5.75 Z" />
</svg>
