<?xml version="1.0" encoding="UTF-8" standalone="no"?>
<!DOCTYPE svg PUBLIC "-//W3C//DTD SVG 20010904//EN"
              "http://www.w3.org/TR/2001/REC-SVG-20010904/DTD/svg10.dtd">

<svg xmlns="http://www.w3.org/2000/svg"
     width="0.555556in" height="0.555556in"
     viewBox="0 0 50 50">
  <path id="Imported Path"
        fill="none" stroke="black" stroke-width="1"
        d="M 22.50,18.64
           C 20.86,19.11 19.89,19.88 19.44,21.02
             19.23,21.56 19.20,22.34 19.25,26.19
             19.25,26.19 19.30,30.70 19.30,30.70
             19.30,30.70 19.81,31.80 19.81,31.80
             20.09,32.39 20.50,33.06 20.70,33.28
             21.25,33.86 21.31,34.08 22.03,38.44
             22.39,40.62 22.78,42.64 22.91,42.89
             23.28,43.69 23.83,43.91 25.50,43.91
             27.13,43.91 27.58,43.75 27.98,43.05
             28.16,42.77 28.52,41.08 28.91,38.75
             29.67,34.16 29.77,33.78 30.27,33.28
             30.88,32.69 31.41,31.48 31.66,30.20
             31.97,28.50 31.97,22.39 31.62,21.27
             31.31,20.22 30.48,19.38 29.28,18.89
             28.47,18.58 28.05,18.53 25.78,18.48
             24.03,18.45 22.97,18.52 22.50,18.64 Z
           M 24.27,7.19
           C 23.38,7.37 22.75,7.72 21.91,8.48
             19.75,10.48 19.77,13.91 21.94,15.91
             23.03,16.92 23.89,17.25 25.39,17.25
             26.42,17.25 26.80,17.17 27.52,16.83
             30.64,15.33 31.44,11.22 29.09,8.72
             27.91,7.44 25.97,6.83 24.27,7.19 Z" />
</svg>
