<?xml version="1.0" encoding="UTF-8" standalone="no"?>
<!DOCTYPE svg PUBLIC "-//W3C//DTD SVG 20010904//EN"
              "http://www.w3.org/TR/2001/REC-SVG-20010904/DTD/svg10.dtd">

<svg xmlns="http://www.w3.org/2000/svg"
     width="0.111111in" height="0.111111in"
     viewBox="0 0 10 10">
  <path id="Imported Path"
        fill="none" stroke="black" stroke-width="1"
        d="M 4.50,3.73
           C 4.17,3.82 3.98,3.97 3.89,4.20
             3.85,4.31 3.84,4.47 3.85,5.24
             3.85,5.24 3.86,6.14 3.86,6.14
             3.86,6.14 3.96,6.36 3.96,6.36
             4.02,6.48 4.10,6.61 4.14,6.66
             4.25,6.77 4.26,6.82 4.41,7.69
             4.48,8.12 4.56,8.53 4.58,8.58
             4.66,8.74 4.77,8.78 5.10,8.78
             5.43,8.78 5.52,8.75 5.60,8.61
             5.63,8.55 5.70,8.22 5.78,7.75
             5.93,6.83 5.95,6.76 6.05,6.66
             6.18,6.54 6.28,6.30 6.33,6.04
             6.39,5.70 6.39,4.48 6.33,4.25
             6.26,4.04 6.10,3.88 5.86,3.78
             5.69,3.72 5.61,3.71 5.16,3.70
             4.81,3.69 4.59,3.70 4.50,3.73 Z
           M 4.85,1.44
           C 4.67,1.47 4.55,1.54 4.38,1.70
             3.95,2.10 3.95,2.78 4.39,3.18
             4.61,3.38 4.78,3.45 5.08,3.45
             5.28,3.45 5.36,3.43 5.50,3.37
             6.13,3.07 6.29,2.24 5.82,1.74
             5.58,1.49 5.19,1.37 4.85,1.44 Z" />
</svg>
