<?xml version="1.0" encoding="UTF-8" standalone="no"?>
<!DOCTYPE svg PUBLIC "-//W3C//DTD SVG 20010904//EN"
              "http://www.w3.org/TR/2001/REC-SVG-20010904/DTD/svg10.dtd">

Relative path:
M27,22.37c-1.97,0.56,-3.13,1.48,-3.67,2.85c-0.25,0.66,-0.29,1.59,-0.23,6.2c0,0,0.06,5.42,0.06,5.42c0,0,0.62,1.32,0.62,1.32c0.33,0.71,0.82,1.51,1.06,1.78c0.66,0.69,0.74,0.95,1.6,6.18c0.43,2.63,0.9,5.05,1.05,5.35c0.45,0.96,1.1,1.22,3.11,1.22c1.95,0,2.49,-0.19,2.98,-1.03c0.21,-0.34,0.64,-2.37,1.11,-5.16c0.92,-5.51,1.03,-5.96,1.63,-6.56c0.73,-0.72,1.37,-2.16,1.67,-3.7c0.37,-2.04,0.37,-9.37,-0.04,-10.72c-0.37,-1.26,-1.37,-2.27,-2.81,-2.85c-0.98,-0.38,-1.48,-0.43,-4.2,-0.49c-2.1,-0.04,-3.38,0.04,-3.94,0.19zm2.12,-13.75c-1.07,0.23,-1.82,0.64,-2.83,1.56c-2.59,2.4,-2.57,6.51,0.04,8.91c1.31,1.22,2.34,1.61,4.14,1.61c1.24,0,1.69,-0.09,2.55,-0.51c3.75,-1.8,4.71,-6.73,1.89,-9.73c-1.42,-1.54,-3.75,-2.27,-5.79,-1.84z



<svg xmlns="http://www.w3.org/2000/svg"
     width="0.666667in" height="0.666667in"
     viewBox="0 0 60 60">
  <path id="Imported Path"
        fill="none" stroke="black" stroke-width="1"
        d="M 27.00,22.37
           C 25.03,22.93 23.87,23.85 23.33,25.22
             23.08,25.88 23.04,26.81 23.10,31.42
             23.10,31.42 23.16,36.84 23.16,36.84
             23.16,36.84 23.78,38.16 23.78,38.16
             24.11,38.87 24.60,39.67 24.84,39.94
             25.50,40.63 25.58,40.89 26.44,46.12
             26.87,48.75 27.34,51.17 27.49,51.47
             27.94,52.43 28.59,52.69 30.60,52.69
             32.55,52.69 33.09,52.50 33.58,51.66
             33.79,51.32 34.22,49.29 34.69,46.50
             35.61,40.99 35.72,40.54 36.32,39.94
             37.05,39.22 37.69,37.78 37.99,36.24
             38.36,34.20 38.36,26.87 37.95,25.52
             37.58,24.26 36.58,23.25 35.14,22.67
             34.16,22.29 33.66,22.24 30.94,22.18
             28.84,22.14 27.56,22.22 27.00,22.37 Z
           M 29.12,8.62
           C 28.05,8.85 27.30,9.26 26.29,10.18
             23.70,12.58 23.72,16.69 26.33,19.09
             27.64,20.31 28.67,20.70 30.47,20.70
             31.71,20.70 32.16,20.61 33.02,20.19
             36.77,18.39 37.73,13.46 34.91,10.46
             33.49,8.92 31.16,8.19 29.12,8.62 Z" />
</svg>
