<?xml version="1.0" encoding="UTF-8" standalone="no"?>
<!DOCTYPE svg PUBLIC "-//W3C//DTD SVG 20010904//EN"
              "http://www.w3.org/TR/2001/REC-SVG-20010904/DTD/svg10.dtd">

Relative path: 
M22.5,18.64c-1.64,0.47,-2.61,1.24,-3.06,2.38c-0.21,0.54,-0.24,1.32,-0.19,5.17c0,0,0.05,4.51,0.05,4.51c0,0,0.51,1.1,0.51,1.1c0.28,0.59,0.69,1.26,0.89,1.48c0.55,0.58,0.61,0.8,1.33,5.16c0.36,2.18,0.75,4.2,0.88,4.45c0.37,0.8,0.92,1.02,2.59,1.02c1.63,0,2.08,-0.16,2.48,-0.86c0.18,-0.28,0.54,-1.97,0.93,-4.3c0.76,-4.59,0.86,-4.97,1.36,-5.47c0.61,-0.59,1.14,-1.8,1.39,-3.08c0.31,-1.7,0.31,-7.81,-0.04,-8.93c-0.31,-1.05,-1.14,-1.89,-2.34,-2.38c-0.81,-0.31,-1.23,-0.36,-3.5,-0.41c-1.75,-0.03,-2.81,0.04,-3.28,0.16zm1.77,-11.45c-0.89,0.18,-1.52,0.53,-2.36,1.29c-2.16,2,-2.14,5.43,0.03,7.43c1.09,1.01,1.95,1.34,3.45,1.34c1.03,0,1.41,-0.08,2.13,-0.42c3.12,-1.5,3.92,-5.61,1.57,-8.11c-1.18,-1.28,-3.12,-1.89,-4.82,-1.53z



<svg xmlns="http://www.w3.org/2000/svg"
     width="0.555556in" height="0.555556in"
     viewBox="0 0 50 50">
  <path id="Imported Path"
        fill="none" stroke="black" stroke-width="1"
        d="M 22.50,18.64
           C 20.86,19.11 19.89,19.88 19.44,21.02
             19.23,21.56 19.20,22.34 19.25,26.19
             19.25,26.19 19.30,30.70 19.30,30.70
             19.30,30.70 19.81,31.80 19.81,31.80
             20.09,32.39 20.50,33.06 20.70,33.28
             21.25,33.86 21.31,34.08 22.03,38.44
             22.39,40.62 22.78,42.64 22.91,42.89
             23.28,43.69 23.83,43.91 25.50,43.91
             27.13,43.91 27.58,43.75 27.98,43.05
             28.16,42.77 28.52,41.08 28.91,38.75
             29.67,34.16 29.77,33.78 30.27,33.28
             30.88,32.69 31.41,31.48 31.66,30.20
             31.97,28.50 31.97,22.39 31.62,21.27
             31.31,20.22 30.48,19.38 29.28,18.89
             28.47,18.58 28.05,18.53 25.78,18.48
             24.03,18.45 22.97,18.52 22.50,18.64 Z
           M 24.27,7.19
           C 23.38,7.37 22.75,7.72 21.91,8.48
             19.75,10.48 19.77,13.91 21.94,15.91
             23.03,16.92 23.89,17.25 25.39,17.25
             26.42,17.25 26.80,17.17 27.52,16.83
             30.64,15.33 31.44,11.22 29.09,8.72
             27.91,7.44 25.97,6.83 24.27,7.19 Z" />
</svg>
