<?xml version="1.0" encoding="UTF-8" standalone="no"?>
<!DOCTYPE svg PUBLIC "-//W3C//DTD SVG 20010904//EN"
              "http://www.w3.org/TR/2001/REC-SVG-20010904/DTD/svg10.dtd">


Relative: "M31.5,26.1c-2.3,0.65,-3.65,1.72,-4.29,3.32c-0.28,0.77,-0.33,1.86,-0.26,7.24c0,0,0.07,6.32,0.07,6.32c0,0,0.72,1.54,0.72,1.54c0.39,0.83,0.96,1.77,1.24,2.07c0.77,0.81,0.86,1.12,1.86,7.22c0.51,3.07,1.05,5.89,1.23,6.24c0.52,1.11,1.29,1.42,3.63,1.42c2.28,0,2.91,-0.22,3.48,-1.2c0.24,-0.4,0.74,-2.76,1.29,-6.02c1.07,-6.43,1.2,-6.96,1.9,-7.66c0.86,-0.83,1.6,-2.51,1.95,-4.31c0.44,-2.38,0.44,-10.93,-0.05,-12.51c-0.43,-1.46,-1.59,-2.65,-3.28,-3.32c-1.13,-0.44,-1.72,-0.51,-4.9,-0.57c-2.45,-0.05,-3.93,0.04,-4.59,0.22zm2.47,-16.04c-1.24,0.26,-2.12,0.75,-3.3,1.82c-3.02,2.8,-3,7.59,0.04,10.39c1.53,1.42,2.74,1.88,4.84,1.88c1.44,0,1.97,-0.11,2.97,-0.59c4.38,-2.1,5.49,-7.85,2.21,-11.35c-1.66,-1.8,-4.37,-2.65,-6.76,-2.15z"


<svg xmlns="http://www.w3.org/2000/svg"
     width="0.777778in" height="0.777778in"
     viewBox="0 0 70 70">
  <path id="Imported Path"
        fill="none" stroke="black" stroke-width="1"
        d="M 31.50,26.10
           C 29.20,26.75 27.85,27.82 27.21,29.42
             26.93,30.19 26.88,31.28 26.95,36.66
             26.95,36.66 27.02,42.98 27.02,42.98
             27.02,42.98 27.74,44.52 27.74,44.52
             28.13,45.35 28.70,46.29 28.98,46.59
             29.75,47.40 29.84,47.71 30.84,53.81
             31.35,56.88 31.89,59.70 32.07,60.05
             32.59,61.16 33.36,61.47 35.70,61.47
             37.98,61.47 38.61,61.25 39.18,60.27
             39.42,59.87 39.92,57.51 40.47,54.25
             41.54,47.82 41.67,47.29 42.37,46.59
             43.23,45.76 43.97,44.08 44.32,42.28
             44.76,39.90 44.76,31.35 44.27,29.77
             43.84,28.31 42.68,27.12 40.99,26.45
             39.86,26.01 39.27,25.94 36.09,25.88
             33.64,25.83 32.16,25.92 31.50,26.10 Z
           M 33.97,10.06
           C 32.73,10.32 31.85,10.81 30.67,11.88
             27.65,14.68 27.67,19.47 30.71,22.27
             32.24,23.69 33.45,24.15 35.55,24.15
             36.99,24.15 37.52,24.04 38.52,23.56
             42.90,21.46 44.01,15.71 40.73,12.21
             39.07,10.41 36.36,9.56 33.97,10.06 Z" />
</svg>
